2.200000000000000000e+02 1.000014090538950684e-01
2.206999999999999886e+02 1.000013583851860344e-01
2.213000000000000114e+02 1.000013054621729930e-01
2.219000000000000057e+02 1.000012476801658834e-01
2.225999999999999943e+02 1.000011909562271428e-01
2.231999999999999886e+02 1.000011316000989220e-01
2.238000000000000114e+02 1.000010774798031354e-01
2.245000000000000000e+02 1.000010239331685646e-01
2.250999999999999943e+02 1.000009784093863763e-01
2.258000000000000114e+02 1.000009391462002850e-01
2.264000000000000057e+02 1.000009113900633545e-01
2.270000000000000000e+02 1.000008942276999352e-01
2.276999999999999886e+02 1.000008908929245210e-01
2.283000000000000114e+02 1.000009013898835591e-01
2.290000000000000000e+02 1.000009266622755161e-01
2.295999999999999943e+02 1.000009662183325293e-01
2.301999999999999886e+02 1.000010191751542210e-01
2.309000000000000057e+02 1.000010825716866336e-01
2.315000000000000000e+02 1.000011570906914476e-01
2.320999999999999943e+02 1.000012361808118866e-01
2.328000000000000114e+02 1.000013237837446278e-01
2.334000000000000057e+02 1.000014093335993004e-01
2.340999999999999943e+02 1.000014973045630362e-01
2.346999999999999886e+02 1.000015781317698943e-01
2.353000000000000114e+02 1.000016533926346013e-01
2.360000000000000000e+02 1.000017181486045903e-01
2.365999999999999943e+02 1.000017718500213482e-01
2.371999999999999886e+02 1.000018122683778155e-01
2.379000000000000057e+02 1.000018373141825928e-01
2.385000000000000000e+02 1.000018498644291293e-01
2.391999999999999886e+02 1.000018499447561937e-01
2.398000000000000114e+02 1.000018403572231623e-01
2.404000000000000057e+02 1.000018196731099207e-01
2.410999999999999943e+02 1.000017917018651281e-01
2.416999999999999886e+02 1.000017615663840176e-01
2.423000000000000114e+02 1.000017275423109725e-01
2.430000000000000000e+02 1.000016951974251472e-01
2.435999999999999943e+02 1.000016608606122959e-01
2.443000000000000114e+02 1.000016319639283613e-01
2.449000000000000057e+02 1.000016079654068579e-01
2.455000000000000000e+02 1.000015912613269747e-01
2.461999999999999886e+02 1.000015801561571910e-01
2.468000000000000114e+02 1.000015765149920299e-01
2.474000000000000057e+02 1.000015773661702828e-01
2.480999999999999943e+02 1.000015852174734043e-01
2.486999999999999886e+02 1.000015933681562136e-01
2.494000000000000057e+02 1.000016049469578949e-01
2.500000000000000000e+02 1.000016121645896233e-01
2.505999999999999943e+02 1.000016195365337340e-01
2.513000000000000114e+02 1.000016182751794352e-01
2.519000000000000057e+02 1.000016157746546341e-01
2.525000000000000000e+02 1.000016027603442825e-01
2.531999999999999886e+02 1.000015840646456960e-01
2.538000000000000114e+02 1.000015539099292916e-01
2.545000000000000000e+02 1.000015146533875937e-01
2.550999999999999943e+02 1.000014643355299909e-01
2.556999999999999886e+02 1.000014025113472732e-01
2.563999999999999773e+02 1.000013290741161159e-01
2.570000000000000000e+02 1.000012475969578735e-01
2.576999999999999886e+02 1.000011529018921680e-01
2.583000000000000114e+02 1.000010532583191780e-01
2.588999999999999773e+02 1.000009406535284084e-01
2.596000000000000227e+02 1.000008261041374774e-01
2.601999999999999886e+02 1.000007070276159593e-01
2.608000000000000114e+02 1.000005888300759122e-01
2.615000000000000000e+02 1.000004768315949089e-01
2.621000000000000227e+02 1.000003663370003376e-01
2.628000000000000114e+02 1.000002762849490912e-01
2.633999999999999773e+02 1.000001977512875312e-01
2.640000000000000000e+02 1.000001524256941832e-01
2.646999999999999886e+02 1.000001337580777444e-01
2.653000000000000114e+02 1.000001592320747257e-01
2.658999999999999773e+02 1.000002222284137876e-01
2.666000000000000227e+02 1.000003336924058517e-01
2.671999999999999886e+02 1.000004955389649230e-01
2.678999999999999773e+02 1.000007064636924264e-01
2.685000000000000000e+02 1.000009724786467685e-01
2.691000000000000227e+02 1.000012794523118531e-01
2.698000000000000114e+02 1.000016380347112654e-01
2.703999999999999773e+02 1.000020209189802639e-01
2.710000000000000000e+02 1.000024355071092858e-01
2.716999999999999886e+02 1.000028631353754721e-01
2.723000000000000114e+02 1.000032855168436485e-01
2.730000000000000000e+02 1.000036967474830646e-01
2.736000000000000227e+02 1.000040721484493217e-01
2.741999999999999886e+02 1.000044130870260534e-01
2.748999999999999773e+02 1.000046929096284620e-01
2.755000000000000000e+02 1.000049117372523444e-01
2.761000000000000227e+02 1.000050650454052115e-01
2.768000000000000114e+02 1.000051423738249068e-01
2.773999999999999773e+02 1.000051488089639257e-01
2.781000000000000227e+02 1.000050823877223216e-01
2.786999999999999886e+02 1.000049560624238915e-01
2.793000000000000114e+02 1.000047710113214638e-01
2.800000000000000000e+02 1.000045516597108664e-01
2.806000000000000227e+02 1.000042974080257163e-01
2.811999999999999886e+02 1.000040292808340170e-01
2.818999999999999773e+02 1.000037506643550178e-01
2.825000000000000000e+02 1.000035004956899704e-01
2.831000000000000227e+02 1.000032723890064978e-01
2.838000000000000114e+02 1.000030892426035656e-01
2.843999999999999773e+02 1.000029334451372348e-01
2.850000000000000000e+02 1.000028474647933208e-01
2.856999999999999886e+02 1.000028065830185636e-01
2.863000000000000114e+02 1.000028231443955695e-01
2.868999999999999773e+02 1.000028755767378430e-01
2.875000000000000000e+02 1.000029668401194727e-01
2.881999999999999886e+02 1.000030957630262118e-01
2.888000000000000114e+02 1.000032462668966615e-01
2.893999999999999773e+02 1.000034169798901945e-01
2.901000000000000227e+02 1.000035922437253061e-01
2.906999999999999886e+02 1.000037450112048060e-01
2.913000000000000114e+02 1.000038901136205555e-01
2.920000000000000000e+02 1.000039926441859822e-01
2.926000000000000227e+02 1.000040861112716367e-01
2.931999999999999886e+02 1.000041365013602107e-01
2.938999999999999773e+02 1.000041602027300219e-01
2.945000000000000000e+02 1.000041385426160556e-01
2.951000000000000227e+02 1.000040877918798726e-01
2.958000000000000114e+02 1.000040060255687202e-01
2.963999999999999773e+02 1.000039301517882256e-01
2.970000000000000000e+02 1.000038393684806182e-01
2.976999999999999886e+02 1.000037436408492408e-01
2.983000000000000114e+02 1.000036839358483531e-01
2.988999999999999773e+02 1.000036061636190854e-01
2.996000000000000227e+02 1.000036488232715348e-01
3.001999999999999886e+02 1.000036461066256266e-01
3.008000000000000114e+02 1.000038138160377621e-01
3.015000000000000000e+02 1.000039727439464288e-01
3.021000000000000227e+02 1.000043015392812762e-01
3.026999999999999886e+02 1.000046824116409411e-01
3.033000000000000114e+02 1.000052286869588525e-01
3.040000000000000000e+02 1.000058995362518161e-01
3.046000000000000227e+02 1.000067020631543041e-01
3.051999999999999886e+02 1.000076159400265924e-01
3.058999999999999773e+02 1.000086004987836286e-01
3.065000000000000000e+02 1.000096964620373202e-01
3.071000000000000227e+02 1.000108385084402529e-01
3.078000000000000114e+02 1.000120371389657536e-01
3.083999999999999773e+02 1.000132571433528378e-01
3.090000000000000000e+02 1.000144532096840927e-01
3.096999999999999886e+02 1.000156718596873356e-01
3.103000000000000114e+02 1.000168841932790043e-01
3.108999999999999773e+02 1.000181859915108412e-01
3.116000000000000227e+02 1.000195595579050772e-01
3.121999999999999886e+02 1.000210439080569946e-01
3.128000000000000114e+02 1.000227353652907991e-01
3.135000000000000000e+02 1.000246662522043667e-01
3.141000000000000227e+02 1.000269549712573675e-01
3.146999999999999886e+02 1.000295602901822845e-01
3.153999999999999773e+02 1.000326101162297698e-01
3.160000000000000000e+02 1.000359565856706739e-01
3.166000000000000227e+02 1.000398448571632321e-01
3.173000000000000114e+02 1.000440196609617000e-01
3.178999999999999773e+02 1.000486127761540806e-01
3.185000000000000000e+02 1.000531347928544368e-01
3.191000000000000227e+02 1.000576555662381351e-01
3.198000000000000114e+02 1.000619395275269691e-01
3.203999999999999773e+02 1.000659306216029332e-01
3.210000000000000000e+02 1.000693704603741047e-01
3.216999999999999886e+02 1.000720333210952662e-01
3.223000000000000114e+02 1.000739259122974401e-01
3.228999999999999773e+02 1.000749171680545002e-01
3.236000000000000227e+02 1.000751132185613568e-01
3.241999999999999886e+02 1.000745494642262395e-01
3.248000000000000114e+02 1.000731855870929804e-01
3.255000000000000000e+02 1.000711233568469388e-01
3.261000000000000227e+02 1.000684545988551610e-01
3.266999999999999886e+02 1.000655354901930777e-01
3.273999999999999773e+02 1.000624118765403026e-01
3.280000000000000000e+02 1.000593072002635558e-01
3.286000000000000227e+02 1.000562412818854774e-01
3.293000000000000114e+02 1.000531457264075691e-01
3.298999999999999773e+02 1.000503472580007575e-01
3.305000000000000000e+02 1.000475898244744810e-01
3.311999999999999886e+02 1.000454525481521140e-01
3.318000000000000114e+02 1.000426389959678253e-01
3.323999999999999773e+02 1.000403140267704938e-01
3.331000000000000227e+02 1.000372236580533425e-01
3.336999999999999886e+02 1.000344937816791541e-01
3.343999999999999773e+02 1.000306990673186097e-01
3.351000000000000227e+02 1.000267247791817721e-01
3.356999999999999886e+02 1.000221346410103823e-01
3.363999999999999773e+02 1.000168921042653980e-01
3.370000000000000000e+02 1.000111802272644623e-01
3.376999999999999886e+02 1.000044426141541709e-01
3.383999999999999773e+02 9.999773515407299473e-02
3.390000000000000000e+02 9.999029458220315414e-02
3.396999999999999886e+02 9.998300118407218995e-02
3.403000000000000114e+02 9.997574145057165629e-02
3.410000000000000000e+02 9.996853374676054060e-02
3.416000000000000227e+02 9.996256153105979869e-02
3.423000000000000114e+02 9.995677865028290698e-02
3.430000000000000000e+02 9.995301636352407759e-02
3.436000000000000227e+02 9.994996368759832828e-02
3.443000000000000114e+02 9.994995184464225413e-02
3.448999999999999773e+02 9.995200588525786356e-02
3.456000000000000227e+02 9.995777601490045405e-02
3.463000000000000114e+02 9.996689643530975999e-02
3.468999999999999773e+02 9.998084524294581499e-02
3.476000000000000227e+02 9.999934264320353705e-02
3.481999999999999886e+02 1.000228242735314854e-01
3.488999999999999773e+02 1.000514274485035243e-01
3.496000000000000227e+02 1.000847776788357929e-01
3.501999999999999886e+02 1.001232540679893729e-01
3.508999999999999773e+02 1.001659221443675502e-01
3.515000000000000000e+02 1.002128734026619533e-01
3.521999999999999886e+02 1.002616770948732694e-01
3.528000000000000114e+02 1.003127967131198367e-01
3.535000000000000000e+02 1.003640873319198018e-01
3.541999999999999886e+02 1.004162397728848161e-01
3.548000000000000114e+02 1.004657557696658765e-01
3.555000000000000000e+02 1.005148961646193384e-01
3.561000000000000227e+02 1.005605266038079731e-01
3.568000000000000114e+02 1.006048674570406282e-01
3.575000000000000000e+02 1.006450976533576347e-01
3.581000000000000227e+02 1.006833592283606915e-01
3.588000000000000114e+02 1.007203547166211771e-01
3.593999999999999773e+02 1.007561997466244613e-01
3.601000000000000227e+02 1.007937792882421246e-01
3.608000000000000114e+02 1.008331598538297902e-01
3.613999999999999773e+02 1.008788344381011393e-01
3.621000000000000227e+02 1.009315984962358276e-01
3.626999999999999886e+02 1.009955695592294339e-01
3.633999999999999773e+02 1.010726051552624238e-01
3.640000000000000000e+02 1.011658878713608684e-01
3.646999999999999886e+02 1.012802119893072561e-01
3.653000000000000114e+02 1.014148056340140186e-01
3.660000000000000000e+02 1.015802584299801137e-01
3.666000000000000227e+02 1.017721530529002438e-01
3.671999999999999886e+02 1.020005620745800812e-01
3.678999999999999773e+02 1.022650208360842417e-01
3.685000000000000000e+02 1.025698319756209037e-01
3.691999999999999886e+02 1.029289089462768064e-01
3.698000000000000114e+02 1.033351383403523782e-01
3.705000000000000000e+02 1.038102706732623726e-01
3.711000000000000227e+02 1.043415029904261881e-01
3.718000000000000114e+02 1.049473469429865330e-01
3.723999999999999773e+02 1.056218425701900554e-01
3.731000000000000227e+02 1.063804754914111639e-01
3.736999999999999886e+02 1.072131865677824619e-01
3.743999999999999773e+02 1.081332639761082015e-01
3.750000000000000000e+02 1.091254011470086382e-01
3.756999999999999886e+02 1.102026318226923818e-01
3.763000000000000114e+02 1.113458225049547834e-01
3.768999999999999773e+02 1.125673366476543369e-01
3.776000000000000227e+02 1.138439865145124547e-01
3.781999999999999886e+02 1.151796378435793466e-01
3.788999999999999773e+02 1.165531012349006051e-01
3.795000000000000000e+02 1.179771970436322426e-01
3.801999999999999886e+02 1.194372207237050232e-01
3.808000000000000114e+02 1.209252433835768525e-01
3.815000000000000000e+02 1.224507761126176208e-01
3.821000000000000227e+02 1.240006767350091410e-01
3.828000000000000114e+02 1.255898912350527363e-01
3.833999999999999773e+02 1.272099199372785094e-01
3.841000000000000227e+02 1.288692324331789929e-01
3.846999999999999886e+02 1.305774432788019968e-01
3.853999999999999773e+02 1.323231229871626169e-01
3.860000000000000000e+02 1.341201688397306857e-01
3.866000000000000227e+02 1.359592286185726251e-01
3.873000000000000114e+02 1.378482779517495316e-01
3.878999999999999773e+02 1.397722711157937669e-01
3.886000000000000227e+02 1.417423553710094597e-01
3.891999999999999886e+02 1.437490728662116357e-01
3.898999999999999773e+02 1.457935860106109038e-01
3.905000000000000000e+02 1.478825560275730810e-01
3.911999999999999886e+02 1.499928775255289504e-01
3.918000000000000114e+02 1.521608422388884829e-01
3.925000000000000000e+02 1.543502274726185064e-01
3.931000000000000227e+02 1.566230248501130073e-01
3.938000000000000114e+02 1.589524991151608224e-01
3.943999999999999773e+02 1.613978225773339825e-01
3.950000000000000000e+02 1.639411353210348254e-01
3.956999999999999886e+02 1.666397032813926316e-01
3.963000000000000114e+02 1.694871170121651782e-01
3.970000000000000000e+02 1.725443348252516107e-01
3.976000000000000227e+02 1.758170313817045693e-01
3.983000000000000114e+02 1.793143553015626446e-01
3.988999999999999773e+02 1.830684372511310054e-01
3.996000000000000227e+02 1.870393749284784690e-01
4.001999999999999886e+02 1.912913648252039245e-01
4.008999999999999773e+02 1.957722937628216253e-01
4.015000000000000000e+02 2.004943247922849614e-01
4.021999999999999886e+02 2.054124110924319124e-01
4.028000000000000114e+02 2.105096708594388077e-01
4.035000000000000000e+02 2.157459326037492464e-01
4.041000000000000227e+02 2.210860836595054946e-01
4.046999999999999886e+02 2.264602078383406991e-01
4.053999999999999773e+02 2.318666567977351045e-01
4.060000000000000000e+02 2.371959298367968816e-01
4.066999999999999886e+02 2.424432345531880584e-01
4.073000000000000114e+02 2.475185515566560301e-01
4.080000000000000000e+02 2.524787814449224177e-01
4.086000000000000227e+02 2.571959010502829490e-01
4.093000000000000114e+02 2.617655984012717263e-01
4.098999999999999773e+02 2.660695281977297766e-01
4.106000000000000227e+02 2.702070850824010995e-01
4.111999999999999886e+02 2.740873326550608557e-01
4.118999999999999773e+02 2.777876029917611955e-01
4.125000000000000000e+02 2.813067584690756573e-01
4.131999999999999886e+02 2.846224288504541344e-01
4.138000000000000114e+02 2.878260052534926117e-01
4.143999999999999773e+02 2.908489542910457359e-01
4.151000000000000227e+02 2.938110987327038903e-01
4.158000000000000114e+02 2.966497705452293410e-01
4.163999999999999773e+02 2.994323111078016075e-01
4.171000000000000227e+02 3.021816919510466604e-01
4.176999999999999886e+02 3.048867180030225277e-01
4.183999999999999773e+02 3.076237199669500377e-01
4.190000000000000000e+02 3.103500217156539565e-01
4.196999999999999886e+02 3.131101319669318261e-01
4.203000000000000114e+02 3.159056037431456354e-01
4.210000000000000000e+02 3.187555289147450677e-01
4.216000000000000227e+02 3.216747419737676639e-01
4.223000000000000114e+02 3.246517132927612126e-01
4.228999999999999773e+02 3.276757177742752325e-01
4.236000000000000227e+02 3.307699330302228957e-01
4.243000000000000114e+02 3.338762642393734437e-01
4.248999999999999773e+02 3.370032249246652234e-01
4.256000000000000227e+02 3.400861230201509544e-01
4.261999999999999886e+02 3.431077070277341878e-01
4.268999999999999773e+02 3.460133914010392608e-01
4.275000000000000000e+02 3.487280344031803980e-01
4.281999999999999886e+02 3.512609984954345177e-01
4.288000000000000114e+02 3.536052943741245791e-01
4.295000000000000000e+02 3.557723964185247056e-01
4.301000000000000227e+02 3.577752671557467568e-01
4.308000000000000114e+02 3.596407907099061774e-01
4.315000000000000000e+02 3.614451401021585020e-01
4.321000000000000227e+02 3.632340038583226627e-01
4.328000000000000114e+02 3.650880604891302839e-01
4.333999999999999773e+02 3.670573446450946520e-01
4.341000000000000227e+02 3.691878752081779735e-01
4.346999999999999886e+02 3.714898006051786106e-01
4.353999999999999773e+02 3.739980059675693802e-01
4.360000000000000000e+02 3.767399693154936391e-01
4.366999999999999886e+02 3.796976370809450052e-01
4.373000000000000114e+02 3.828620999480797926e-01
4.380000000000000000e+02 3.861773368095632875e-01
4.386000000000000227e+02 3.896055575734705956e-01
4.393000000000000114e+02 3.930822443127372501e-01
4.400000000000000000e+02 3.965259546732234353e-01
4.406000000000000227e+02 3.998704548065618591e-01
4.413000000000000114e+02 4.030161663158676189e-01
4.418999999999999773e+02 4.059665281273999171e-01
4.426000000000000227e+02 4.087001145449012940e-01
4.431999999999999886e+02 4.111965359033878387e-01
4.438999999999999773e+02 4.134827197747725225e-01
4.445000000000000000e+02 4.155674832891100290e-01
4.451999999999999886e+02 4.175292526973902185e-01
4.458000000000000114e+02 4.193692320065359191e-01
4.465000000000000000e+02 4.211218311078044896e-01
4.471999999999999886e+02 4.228267209536959448e-01
4.478000000000000114e+02 4.244922899474076750e-01
4.485000000000000000e+02 4.261571722747554136e-01
4.491000000000000227e+02 4.278238466223676650e-01
4.498000000000000114e+02 4.295082049323163953e-01
4.503999999999999773e+02 4.311920897748068859e-01
4.511000000000000227e+02 4.328989802629925054e-01
4.516999999999999886e+02 4.346054227020659244e-01
4.523999999999999773e+02 4.363019584989348831e-01
4.530000000000000000e+02 4.379888502169899112e-01
4.536999999999999886e+02 4.396269732002694997e-01
4.543000000000000114e+02 4.412461791443477166e-01
4.550000000000000000e+02 4.428329862681323892e-01
4.556999999999999886e+02 4.444179899036082571e-01
4.563000000000000114e+02 4.460206198816971113e-01
4.570000000000000000e+02 4.476282185096142618e-01
4.576000000000000227e+02 4.492866281647917570e-01
4.583000000000000114e+02 4.510423342741718411e-01
4.588999999999999773e+02 4.528815819947752952e-01
4.596000000000000227e+02 4.548372957858983212e-01
4.601999999999999886e+02 4.568817274617776314e-01
4.608999999999999773e+02 4.590710363369101543e-01
4.615000000000000000e+02 4.613838108431968510e-01
4.621999999999999886e+02 4.637956248587455366e-01
4.628000000000000114e+02 4.663164450521725679e-01
4.635000000000000000e+02 4.689238759832743964e-01
4.641999999999999886e+02 4.716082676033551691e-01
4.648000000000000114e+02 4.743493331186690587e-01
4.655000000000000000e+02 4.771085861315503829e-01
4.661000000000000227e+02 4.798896723762389183e-01
4.668000000000000114e+02 4.826747661905584352e-01
4.673999999999999773e+02 4.854714599066371483e-01
4.681000000000000227e+02 4.882619925122296256e-01
4.686999999999999886e+02 4.910558238807366527e-01
4.693999999999999773e+02 4.938514667719641760e-01
4.700000000000000000e+02 4.966856429876765899e-01
4.706999999999999886e+02 4.994948936056261002e-01
4.713000000000000114e+02 5.023601311923391322e-01
4.720000000000000000e+02 5.052391264888042022e-01
4.726999999999999886e+02 5.081987604086026789e-01
4.733000000000000114e+02 5.111825418938816812e-01
4.740000000000000000e+02 5.142245077497131778e-01
4.746000000000000227e+02 5.173215889581563864e-01
4.753000000000000114e+02 5.204923533086686094e-01
4.758999999999999773e+02 5.237015232255994857e-01
4.766000000000000227e+02 5.269490486192104362e-01
4.771999999999999886e+02 5.302167589113081503e-01
4.778999999999999773e+02 5.335126410375753414e-01
4.785000000000000000e+02 5.368229296703365128e-01
4.791999999999999886e+02 5.401301204539900036e-01
4.798000000000000114e+02 5.434516981277748293e-01
4.805000000000000000e+02 5.467854453649834134e-01
4.811999999999999886e+02 5.501227957992621542e-01
4.818000000000000114e+02 5.534764673759094977e-01
4.825000000000000000e+02 5.568372749506768082e-01
4.831000000000000227e+02 5.602555188021831611e-01
4.838000000000000114e+02 5.636893756795898769e-01
4.843999999999999773e+02 5.671786506968478081e-01
4.851000000000000227e+02 5.706871662880609319e-01
4.856999999999999886e+02 5.742839300630291355e-01
4.863999999999999773e+02 5.779271482937080595e-01
4.870000000000000000e+02 5.816604191739578322e-01
4.876999999999999886e+02 5.854411395430098031e-01
4.883000000000000114e+02 5.893190358979537580e-01
4.888999999999999773e+02 5.932642516281386724e-01
4.896000000000000227e+02 5.972884705322589749e-01
4.901999999999999886e+02 6.013668782578452943e-01
4.908999999999999773e+02 6.055112483601592377e-01
4.915000000000000000e+02 6.097117185552763940e-01
4.921999999999999886e+02 6.139999013225048152e-01
4.928000000000000114e+02 6.183236522838662097e-01
4.935000000000000000e+02 6.227459545191933454e-01
4.941000000000000227e+02 6.272191473386231619e-01
4.948000000000000114e+02 6.318116957286222801e-01
4.953999999999999773e+02 6.364862618990936305e-01
4.960000000000000000e+02 6.412726695405721600e-01
4.966999999999999886e+02 6.461635427243768159e-01
4.973000000000000114e+02 6.511666614051981883e-01
4.980000000000000000e+02 6.562548942716063261e-01
4.986000000000000227e+02 6.614566954892424633e-01
4.993000000000000114e+02 6.667225987882824390e-01
4.998999999999999773e+02 6.720867993096319992e-01
5.006000000000000227e+02 6.774829030038127531e-01
5.011999999999999886e+02 6.829345483020564656e-01
5.018999999999999773e+02 6.884092961374295161e-01
5.025000000000000000e+02 6.938663465796737206e-01
5.031000000000000227e+02 6.992985437769274615e-01
5.038000000000000114e+02 7.046616058159711482e-01
5.043999999999999773e+02 7.099397868583265936e-01
5.051000000000000227e+02 7.150886518768567734e-01
5.056999999999999886e+02 7.200888154694649046e-01
5.063999999999999773e+02 7.249186616337088829e-01
5.070000000000000000e+02 7.295658236362807525e-01
5.076999999999999886e+02 7.339896263192953185e-01
5.083000000000000114e+02 7.382068520744544671e-01
5.090000000000000000e+02 7.421540488755712373e-01
5.096000000000000227e+02 7.458561048822053285e-01
5.101999999999999886e+02 7.492991913762525602e-01
5.108999999999999773e+02 7.525193676048806957e-01
5.115000000000000000e+02 7.555018374445141571e-01
5.122000000000000455e+02 7.582645825649697580e-01
5.127999999999999545e+02 7.608219548996232318e-01
5.135000000000000000e+02 7.632194602544872808e-01
5.141000000000000227e+02 7.654731271255965641e-01
5.147999999999999545e+02 7.676391640434683250e-01
5.153999999999999773e+02 7.697138320363752229e-01
5.161000000000000227e+02 7.717497229891487898e-01
5.167000000000000455e+02 7.737645516582402072e-01
5.172999999999999545e+02 7.757963914329661925e-01
5.180000000000000000e+02 7.778445950885558569e-01
5.186000000000000227e+02 7.799251812119547544e-01
5.192999999999999545e+02 7.820363824425442534e-01
5.198999999999999773e+02 7.842143252075792770e-01
5.206000000000000227e+02 7.864180207047908322e-01
5.212000000000000455e+02 7.886551874548455299e-01
5.218999999999999773e+02 7.909141964848489526e-01
5.225000000000000000e+02 7.931925024611760078e-01
5.232000000000000455e+02 7.954863864910665106e-01
5.237999999999999545e+02 7.977681811518482213e-01
5.243999999999999773e+02 8.000369765018570112e-01
5.251000000000000227e+02 8.022849201021380328e-01
5.257000000000000455e+02 8.045031984889570165e-01
5.263999999999999773e+02 8.066748341775691333e-01
5.270000000000000000e+02 8.087941730778800409e-01
5.277000000000000455e+02 8.108303007696725517e-01
5.282999999999999545e+02 8.127835086069483683e-01
5.290000000000000000e+02 8.146395694386616704e-01
5.296000000000000227e+02 8.163676911482182774e-01
5.302999999999999545e+02 8.179854147345646531e-01
5.308999999999999773e+02 8.194312601996481815e-01
5.315000000000000000e+02 8.207362296962721349e-01
5.322000000000000455e+02 8.218616251648981352e-01
5.327999999999999545e+02 8.228084528242898266e-01
5.335000000000000000e+02 8.235834579208858308e-01
5.341000000000000227e+02 8.241693577713760099e-01
5.347999999999999545e+02 8.246006310660500827e-01
5.353999999999999773e+02 8.248728625525252323e-01
5.361000000000000227e+02 8.250203095888641869e-01
5.367000000000000455e+02 8.250641597892958146e-01
5.373999999999999773e+02 8.250447679603748474e-01
5.381000000000000227e+02 8.249872253279970646e-01
5.387000000000000455e+02 8.249315888770714089e-01
5.393999999999999773e+02 8.249123995387177555e-01
5.401000000000000227e+02 8.249444307784918884e-01
5.407000000000000455e+02 8.250747400408535714e-01
5.413999999999999773e+02 8.252893313353627525e-01
5.420000000000000000e+02 8.256199296977625446e-01
5.427000000000000455e+02 8.260506776917261318e-01
5.433999999999999773e+02 8.265709546817391340e-01
5.440000000000000000e+02 8.271730927768887742e-01
5.447000000000000455e+02 8.278112452084362971e-01
5.453999999999999773e+02 8.284749822178409939e-01
5.460000000000000000e+02 8.290990433031358853e-01
5.467000000000000455e+02 8.296794452667853870e-01
5.472999999999999545e+02 8.301475030443865588e-01
5.480000000000000000e+02 8.305192938055596663e-01
5.487000000000000455e+02 8.307430689536519086e-01
5.492999999999999545e+02 8.308460598736338021e-01
5.500000000000000000e+02 8.308013424761189203e-01
5.507000000000000455e+02 8.306359244178160850e-01
5.512999999999999545e+02 8.303502124787374150e-01
5.520000000000000000e+02 8.299892212708851469e-01
5.526000000000000227e+02 8.295611868772142516e-01
5.532999999999999545e+02 8.291088985363075370e-01
5.540000000000000000e+02 8.286570338649734691e-01
5.546000000000000227e+02 8.282406794183013732e-01
5.552999999999999545e+02 8.278961169972091083e-01
5.560000000000000000e+02 8.276431841215445839e-01
5.566000000000000227e+02 8.275180259779699732e-01
5.572999999999999545e+02 8.275461518566851193e-01
5.578999999999999773e+02 8.277221994916021952e-01
5.586000000000000227e+02 8.280757896825508002e-01
5.592999999999999545e+02 8.286068391410539302e-01
5.598999999999999773e+02 8.293375687811664898e-01
5.606000000000000227e+02 8.302556908334778329e-01
5.612999999999999545e+02 8.313636203774334987e-01
5.618999999999999773e+02 8.326587591870202587e-01
5.626000000000000227e+02 8.341604605326313759e-01
5.632000000000000455e+02 8.358511992590643702e-01
5.638999999999999773e+02 8.377246998890028884e-01
5.646000000000000227e+02 8.397606772713800405e-01
5.652000000000000455e+02 8.419410323212499492e-01
5.658999999999999773e+02 8.442648653232289746e-01
5.666000000000000227e+02 8.466820283601640407e-01
5.672000000000000455e+02 8.491831634366944215e-01
5.678999999999999773e+02 8.517135359042498077e-01
5.685000000000000000e+02 8.542723365254103474e-01
5.692000000000000455e+02 8.568008213467775969e-01
5.698999999999999773e+02 8.592786037977619973e-01
5.705000000000000000e+02 8.616568249071192565e-01
5.712000000000000455e+02 8.639278998069115367e-01
5.718999999999999773e+02 8.660426378581176365e-01
5.725000000000000000e+02 8.679924251268744673e-01
5.732000000000000455e+02 8.697472032907362927e-01
5.737999999999999545e+02 8.713175418266295713e-01
5.745000000000000000e+02 8.726856646971021814e-01
5.752000000000000455e+02 8.738805153697384309e-01
5.757999999999999545e+02 8.748915494809744731e-01
5.765000000000000000e+02 8.757631437674888719e-01
5.772000000000000455e+02 8.764995157121930891e-01
5.777999999999999545e+02 8.771732611068978613e-01
5.785000000000000000e+02 8.777936202072217364e-01
5.791000000000000227e+02 8.784078121267306916e-01
5.797999999999999545e+02 8.790681999929572665e-01
5.805000000000000000e+02 8.798147028839139461e-01
5.811000000000000227e+02 8.806855206171311234e-01
5.817999999999999545e+02 8.817122716266108107e-01
5.823999999999999773e+02 8.829196557932217360e-01
5.831000000000000227e+02 8.843478693283650660e-01
5.837999999999999545e+02 8.859871778398262787e-01
5.843999999999999773e+02 8.878694761698556759e-01
5.851000000000000227e+02 8.899888004669983532e-01
5.857999999999999545e+02 8.923436435834632974e-01
5.863999999999999773e+02 8.949223773390024839e-01
5.871000000000000227e+02 8.977249648120855241e-01
5.877999999999999545e+02 9.007223809741291554e-01
5.883999999999999773e+02 9.038951063038092038e-01
5.891000000000000227e+02 9.072176038277981469e-01
5.897000000000000455e+02 9.106567159818008683e-01
5.903999999999999773e+02 9.141916198467465726e-01
5.910000000000000000e+02 9.177841987579599126e-01
5.917000000000000455e+02 9.214114464059561804e-01
5.923999999999999773e+02 9.250500636734114712e-01
5.930000000000000000e+02 9.286625464915824191e-01
5.937000000000000455e+02 9.322340696119673087e-01
5.942999999999999545e+02 9.357412618338984966e-01
5.950000000000000000e+02 9.391567278719574752e-01
5.956000000000000227e+02 9.424666097186046310e-01
5.962999999999999545e+02 9.456465352251517409e-01
5.970000000000000000e+02 9.486722469743611441e-01
5.976000000000000227e+02 9.515564090166770406e-01
5.982999999999999545e+02 9.542458689047933484e-01
5.988999999999999773e+02 9.567599018437189518e-01
5.996000000000000227e+02 9.590582896109791644e-01
6.002999999999999545e+02 9.611499751844093664e-01
6.008999999999999773e+02 9.630249632022704898e-01
6.016000000000000227e+02 9.646596090545787039e-01
6.022000000000000455e+02 9.660719415513183694e-01
6.028999999999999773e+02 9.672509052204879554e-01
6.035000000000000000e+02 9.682246189940630909e-01
6.042000000000000455e+02 9.689854642193138634e-01
6.048999999999999773e+02 9.695735616365143139e-01
6.055000000000000000e+02 9.700081046340731650e-01
6.062000000000000455e+02 9.703363222166798696e-01
6.067999999999999545e+02 9.705723664346677104e-01
6.075000000000000000e+02 9.707731976264135643e-01
6.082000000000000455e+02 9.709624575228830157e-01
6.087999999999999545e+02 9.712002651307265477e-01
6.095000000000000000e+02 9.714876583971919777e-01
6.101000000000000227e+02 9.718783474409173895e-01
6.107999999999999545e+02 9.723703985945019168e-01
6.113999999999999773e+02 9.729811587188272881e-01
6.121000000000000227e+02 9.737209047726571587e-01
6.127999999999999545e+02 9.745594695294036436e-01
6.133999999999999773e+02 9.755113026181903013e-01
6.141000000000000227e+02 9.765395310954170238e-01
6.147000000000000455e+02 9.776289971344002128e-01
6.153999999999999773e+02 9.787531009937127102e-01
6.161000000000000227e+02 9.798721412422525257e-01
6.167000000000000455e+02 9.809882410133472508e-01
6.173999999999999773e+02 9.820477161526082188e-01
6.180000000000000000e+02 9.830451974265288495e-01
6.187000000000000455e+02 9.839370957414348418e-01
6.192999999999999545e+02 9.847339573873077345e-01
6.200000000000000000e+02 9.853881322483559746e-01
6.207000000000000455e+02 9.859215701272685539e-01
6.212999999999999545e+02 9.862898138934439451e-01
6.220000000000000000e+02 9.865137151135232596e-01
6.226000000000000227e+02 9.865623531019496184e-01
6.232999999999999545e+02 9.864399011597785316e-01
6.240000000000000000e+02 9.861288668792244083e-01
6.246000000000000227e+02 9.856337015401972490e-01
6.252999999999999545e+02 9.849527259666075452e-01
6.258999999999999773e+02 9.840762639636914111e-01
6.266000000000000227e+02 9.829949191321691870e-01
6.272000000000000455e+02 9.817067813490900630e-01
6.278999999999999773e+02 9.802089615691425006e-01
6.286000000000000227e+02 9.784960257545785023e-01
6.292000000000000455e+02 9.765650361683435587e-01
6.298999999999999773e+02 9.744263220170062967e-01
6.305000000000000000e+02 9.720667667397600020e-01
6.312000000000000455e+02 9.694891467723102396e-01
6.317999999999999545e+02 9.666986473579119998e-01
6.325000000000000000e+02 9.637020185136382366e-01
6.332000000000000455e+02 9.604962130982573898e-01
6.337999999999999545e+02 9.570934304057971964e-01
6.345000000000000000e+02 9.534969892951322690e-01
6.351000000000000227e+02 9.497361593213820008e-01
6.357999999999999545e+02 9.457975983509194773e-01
6.365000000000000000e+02 9.417156833044447728e-01
6.371000000000000227e+02 9.374972460327917201e-01
6.377999999999999545e+02 9.331535083205542147e-01
6.383999999999999773e+02 9.287014100043400333e-01
6.391000000000000227e+02 9.241505143749841888e-01
6.397000000000000455e+02 9.195122545856755369e-01
6.403999999999999773e+02 9.148026166320267771e-01
6.411000000000000227e+02 9.100181007784304832e-01
6.417000000000000455e+02 9.051800003230068281e-01
6.423999999999999773e+02 9.002850027298683333e-01
6.430000000000000000e+02 8.953413098504237055e-01
6.437000000000000455e+02 8.903648992073396329e-01
6.442999999999999545e+02 8.853479479911430250e-01
6.450000000000000000e+02 8.803038072384279378e-01
6.456000000000000227e+02 8.752360980207108954e-01
6.462999999999999545e+02 8.701544216927077358e-01
6.468999999999999773e+02 8.650669740761474102e-01
6.476000000000000227e+02 8.599705470535534690e-01
6.482000000000000455e+02 8.548751977425256277e-01
6.488999999999999773e+02 8.497799100530357697e-01
6.495000000000000000e+02 8.446943611012984743e-01
6.502000000000000455e+02 8.396132435448719900e-01
6.507999999999999545e+02 8.345383645491022406e-01
6.515000000000000000e+02 8.294713634240711286e-01
6.521000000000000227e+02 8.243941981181998058e-01
6.527999999999999545e+02 8.193262376186659646e-01
6.533999999999999773e+02 8.142498749985846995e-01
6.541000000000000227e+02 8.091928888146379117e-01
6.547000000000000455e+02 8.041436019999825824e-01
6.553999999999999773e+02 7.991014218471059749e-01
6.560000000000000000e+02 7.940830703153012315e-01
6.567000000000000455e+02 7.890887937974997435e-01
6.572999999999999545e+02 7.841411120648231758e-01
6.580000000000000000e+02 7.792300720605177533e-01
6.586000000000000227e+02 7.743659798166807606e-01
6.592999999999999545e+02 7.695646846209927006e-01
6.598999999999999773e+02 7.648174866990359311e-01
6.606000000000000227e+02 7.601445221998770485e-01
6.612000000000000455e+02 7.555304715371038426e-01
6.618999999999999773e+02 7.509944229298088914e-01
6.625000000000000000e+02 7.465218829868487393e-01
6.632000000000000455e+02 7.421217612594472879e-01
6.637999999999999545e+02 7.377768925281480428e-01
6.645000000000000000e+02 7.334943473818582582e-01
6.651000000000000227e+02 7.292666198118290533e-01
6.657999999999999545e+02 7.251058480726104705e-01
6.663999999999999773e+02 7.209888010131514369e-01
6.671000000000000227e+02 7.169362034584019217e-01
6.677999999999999545e+02 7.129211894455065313e-01
6.683999999999999773e+02 7.089605844541588819e-01
6.691000000000000227e+02 7.050419769251090596e-01
6.697000000000000455e+02 7.011654461500693714e-01
6.703999999999999773e+02 6.973405656854482215e-01
6.711000000000000227e+02 6.935321181708582472e-01
6.717000000000000455e+02 6.897614862809784420e-01
6.723999999999999773e+02 6.860022825692422277e-01
6.730000000000000000e+02 6.822632563398143279e-01
6.737000000000000455e+02 6.785191578594107487e-01
6.743999999999999773e+02 6.747765467552421237e-01
6.750000000000000000e+02 6.710095346140858563e-01
6.757000000000000455e+02 6.672363460783886646e-01
6.762999999999999545e+02 6.634288443034571658e-01
6.770000000000000000e+02 6.596025409400900763e-01
6.777000000000000455e+02 6.557444187718906026e-01
6.782999999999999545e+02 6.518607799286204596e-01
6.790000000000000000e+02 6.479525803380588034e-01
6.796000000000000227e+02 6.440199022705777043e-01
6.802999999999999545e+02 6.400626131655453577e-01
6.810000000000000000e+02 6.360946101368908367e-01
6.816000000000000227e+02 6.321124728591824837e-01
6.822999999999999545e+02 6.281283137337717593e-01
6.830000000000000000e+02 6.241363824310641739e-01
6.836000000000000227e+02 6.201515139301625457e-01
6.842999999999999545e+02 6.161727323916179611e-01
6.848999999999999773e+02 6.122116970712476736e-01
6.856000000000000227e+02 6.082688492631589394e-01
6.862999999999999545e+02 6.043671225444621209e-01
6.868999999999999773e+02 6.005118451563939974e-01
6.876000000000000227e+02 5.967298620485549376e-01
6.882000000000000455e+02 5.930366427178372923e-01
6.888999999999999773e+02 5.894717715260540114e-01
6.896000000000000227e+02 5.860651619589934969e-01
6.902000000000000455e+02 5.828552485347409107e-01
6.908999999999999773e+02 5.798725791469888646e-01
6.915000000000000000e+02 5.771584020126506731e-01
6.922000000000000455e+02 5.747386202203073058e-01
6.928999999999999773e+02 5.726517974474790718e-01
6.935000000000000000e+02 5.709089101868738414e-01
6.942000000000000455e+02 5.695383862203130532e-01
6.948999999999999773e+02 5.685256501948900976e-01
6.955000000000000000e+02 5.678809762943916040e-01
6.962000000000000455e+02 5.675642843862220843e-01
6.967999999999999545e+02 5.675602290395757032e-01
6.975000000000000000e+02 5.678135077106868378e-01
6.982000000000000455e+02 5.682806649232489127e-01
6.987999999999999545e+02 5.688957067530420186e-01
6.995000000000000000e+02 5.696039648933226562e-01
7.001000000000000227e+02 5.703327454419501175e-01
7.007999999999999545e+02 5.710350758650200031e-01
7.015000000000000000e+02 5.716355668340978857e-01
7.021000000000000227e+02 5.720974359516824981e-01
7.027999999999999545e+02 5.723603204968203961e-01
7.033999999999999773e+02 5.723946702134724562e-01
7.041000000000000227e+02 5.721645925570569835e-01
7.047999999999999545e+02 5.716506755683724572e-01
7.053999999999999773e+02 5.708363433878489435e-01
7.061000000000000227e+02 5.697252069479573633e-01
7.067999999999999545e+02 5.683012769747777249e-01
7.073999999999999773e+02 5.665972970045601853e-01
7.081000000000000227e+02 5.646032189089419395e-01
7.087000000000000455e+02 5.623569767131423314e-01
7.093999999999999773e+02 5.598586779072978192e-01
7.100000000000000000e+02 5.571376474188080019e-01
7.107000000000000455e+02 5.542124887951859202e-01
7.112999999999999545e+02 5.511067873412845985e-01
7.120000000000000000e+02 5.478334522054499889e-01
7.126000000000000227e+02 5.444213007900150503e-01
7.132999999999999545e+02 5.408761589314933227e-01
7.138999999999999773e+02 5.372319107583721776e-01
7.146000000000000227e+02 5.334817015156433362e-01
7.152000000000000455e+02 5.296554808369495770e-01
7.158999999999999773e+02 5.257508063266732590e-01
7.166000000000000227e+02 5.217895572997215403e-01
7.172000000000000455e+02 5.177676552218075656e-01
7.178999999999999773e+02 5.137026228261620808e-01
7.185000000000000000e+02 5.096010491716135293e-01
7.192000000000000455e+02 5.054751953734617498e-01
7.197999999999999545e+02 5.013310639702164284e-01
7.205000000000000000e+02 4.971771102691204258e-01
7.211000000000000227e+02 4.930188698675512238e-01
7.217999999999999545e+02 4.888718887599952101e-01
7.223999999999999773e+02 4.847314307460314220e-01
7.231000000000000227e+02 4.806151441022324944e-01
7.237000000000000455e+02 4.765112769652056213e-01
7.243999999999999773e+02 4.724422579650291998e-01
7.251000000000000227e+02 4.683966225071751754e-01
7.257000000000000455e+02 4.643910532348409226e-01
7.263999999999999773e+02 4.604113698499187612e-01
7.270000000000000000e+02 4.564673260888896800e-01
7.277000000000000455e+02 4.525502439729542359e-01
7.282999999999999545e+02 4.486605240158774710e-01
7.290000000000000000e+02 4.447906050058758054e-01
7.296000000000000227e+02 4.409419702344297143e-01
7.302999999999999545e+02 4.371081824079171008e-01
7.308999999999999773e+02 4.333030218049186977e-01
7.316000000000000227e+02 4.295095819032923590e-01
7.322000000000000455e+02 4.257451408364669176e-01
7.328999999999999773e+02 4.219964770011953026e-01
7.336000000000000227e+02 4.182752564296305375e-01
7.342000000000000455e+02 4.145752465273878085e-01
7.348999999999999773e+02 4.109000611272202175e-01
7.355000000000000000e+02 4.072462927625238316e-01
7.362000000000000455e+02 4.036251871590014750e-01
7.367999999999999545e+02 4.000233458167191114e-01
7.375000000000000000e+02 3.964609888263178061e-01
7.381000000000000227e+02 3.929305113757682322e-01
7.387999999999999545e+02 3.894416875404109746e-01
7.393999999999999773e+02 3.859995490122599127e-01
7.401000000000000227e+02 3.826096182146241365e-01
7.407999999999999545e+02 3.792803191587133527e-01
7.415000000000000000e+02 3.760105080230910501e-01
7.422000000000000455e+02 3.728077554550965345e-01
7.430000000000000000e+02 3.696763497565393464e-01
7.437000000000000455e+02 3.666139144209916156e-01
7.443999999999999773e+02 3.636196321012560295e-01
7.452000000000000455e+02 3.606951745746911908e-01
7.458999999999999773e+02 3.578375565036903683e-01
7.466000000000000227e+02 3.550341026526320221e-01
7.473999999999999773e+02 3.522820951563913616e-01
7.481000000000000227e+02 3.495675276624845562e-01
7.487999999999999545e+02 3.468847238264118893e-01
7.496000000000000227e+02 3.442221047106195364e-01
7.502999999999999545e+02 3.415671610865218533e-01
7.510000000000000000e+02 3.389186528969249657e-01
7.517999999999999545e+02 3.362570422666382175e-01
7.525000000000000000e+02 3.335905481042842902e-01
7.532000000000000455e+02 3.309075339478443345e-01
7.540000000000000000e+02 3.282133595075492627e-01
7.547000000000000455e+02 3.255050162731621954e-01
7.553999999999999773e+02 3.227858914440409066e-01
7.562000000000000455e+02 3.200618630983628754e-01
7.568999999999999773e+02 3.173321309217472797e-01
7.577000000000000455e+02 3.146048639966923521e-01
7.583999999999999773e+02 3.118832415658215340e-01
7.591000000000000227e+02 3.091712178192370097e-01
7.598999999999999773e+02 3.064695169516841178e-01
7.606000000000000227e+02 3.037848952654161327e-01
7.612999999999999545e+02 3.011218735158867066e-01
7.621000000000000227e+02 2.984856933488548858e-01
7.627999999999999545e+02 2.958783814457386363e-01
7.635000000000000000e+02 2.933071808548905479e-01
7.642999999999999545e+02 2.907764187349872742e-01
7.650000000000000000e+02 2.882817057814675565e-01
7.657000000000000455e+02 2.858328451259258274e-01
7.665000000000000000e+02 2.834212695687068906e-01
7.672000000000000455e+02 2.810608464240701432e-01
7.678999999999999773e+02 2.787360367745753686e-01
7.687000000000000455e+02 2.764554533343763221e-01
7.693999999999999773e+02 2.742117803117862240e-01
7.701000000000000227e+02 2.720019553305575433e-01
7.708999999999999773e+02 2.698232580180303652e-01
7.716000000000000227e+02 2.676654786780053863e-01
7.722999999999999545e+02 2.655200015994530482e-01
7.731000000000000227e+02 2.633835481078301566e-01
7.737999999999999545e+02 2.612420444753820736e-01
7.746000000000000227e+02 2.590987205540318250e-01
7.752999999999999545e+02 2.569343601880379468e-01
7.760000000000000000e+02 2.547587666500537584e-01
7.767999999999999545e+02 2.525570721949543240e-01
7.775000000000000000e+02 2.503393257728189214e-01
7.782000000000000455e+02 2.480991158019670850e-01
7.790000000000000000e+02 2.458425892461371109e-01
7.797000000000000455e+02 2.435687325353610988e-01
7.803999999999999773e+02 2.412775415122384581e-01
7.812000000000000455e+02 2.389815951952375950e-01
7.818999999999999773e+02 2.366740551748512944e-01
7.826000000000000227e+02 2.343717997565196720e-01
7.833999999999999773e+02 2.320670198665986672e-01
7.841000000000000227e+02 2.297728094729014070e-01
7.847999999999999545e+02 2.274813669798168014e-01
7.856000000000000227e+02 2.251989357729906049e-01
7.862999999999999545e+02 2.229238066704026244e-01
7.870000000000000000e+02 2.206574460968169227e-01
7.877999999999999545e+02 2.183980677489438804e-01
7.885000000000000000e+02 2.161463537621138298e-01
7.892000000000000455e+02 2.139010199338847729e-01
7.900000000000000000e+02 2.116621636804815187e-01
7.907000000000000455e+02 2.094346381411938685e-01
7.915000000000000000e+02 2.072193633490848619e-01
7.922000000000000455e+02 2.050194431749541579e-01
7.928999999999999773e+02 2.028368227332961737e-01
7.937000000000000455e+02 2.006646224648020449e-01
7.943999999999999773e+02 1.985152313657661538e-01
7.951000000000000227e+02 1.963753512775190391e-01
7.958999999999999773e+02 1.942617682774047949e-01
7.966000000000000227e+02 1.921596614095125166e-01
7.972999999999999545e+02 1.900824305922380053e-01
7.981000000000000227e+02 1.880165122664178012e-01
7.987999999999999545e+02 1.859717527763163070e-01
7.995000000000000000e+02 1.839386217352018127e-01
8.002999999999999545e+02 1.819237404084783627e-01
8.010000000000000000e+02 1.799215232892406868e-01
8.017999999999999545e+02 1.779351876642552566e-01
8.022999999999999545e+02 1.759637564496974171e-01
8.028999999999999773e+02 1.740064383393971070e-01
8.035000000000000000e+02 1.720658531138003489e-01
8.041000000000000227e+02 1.701439211197331991e-01
8.047000000000000455e+02 1.682405190236757331e-01
8.052999999999999545e+02 1.663605554493250427e-01
8.058999999999999773e+02 1.645039720770660185e-01
8.065000000000000000e+02 1.626756557479908105e-01
8.071000000000000227e+02 1.608746489222979137e-01
8.077000000000000455e+02 1.591009782029013109e-01
8.082999999999999545e+02 1.573538243291286998e-01
8.088999999999999773e+02 1.556382028309294951e-01
8.095000000000000000e+02 1.539462706326152341e-01
8.100000000000000000e+02 1.522888284172909668e-01
8.106000000000000227e+02 1.506485600019227822e-01
8.112000000000000455e+02 1.490429216335467377e-01
8.117999999999999545e+02 1.474595310856959274e-01
8.123999999999999773e+02 1.459095110957943364e-01
8.130000000000000000e+02 1.443841828457819165e-01
8.136000000000000227e+02 1.428886529636002045e-01
8.142000000000000455e+02 1.414196874335541532e-01
8.147999999999999545e+02 1.399774528342354329e-01
8.153999999999999773e+02 1.385617507903915135e-01
8.160000000000000000e+02 1.371725691191744423e-01
8.166000000000000227e+02 1.358105408493893718e-01
8.172000000000000455e+02 1.344732097593781261e-01
8.177000000000000455e+02 1.331636185703987674e-01
8.182999999999999545e+02 1.318831282695712981e-01
8.188999999999999773e+02 1.306275027519645526e-01
8.195000000000000000e+02 1.294039604726877901e-01
8.201000000000000227e+02 1.282009254682591748e-01
8.207000000000000455e+02 1.270301419342300120e-01
8.212999999999999545e+02 1.258823077902712084e-01
8.218999999999999773e+02 1.247661828685490137e-01
8.225000000000000000e+02 1.236754144422756857e-01
8.231000000000000227e+02 1.226099354153152160e-01
8.237000000000000455e+02 1.215746969677154593e-01
8.242999999999999545e+02 1.205709300677875323e-01
8.248999999999999773e+02 1.195972235458531568e-01
8.253999999999999773e+02 1.186545020506810100e-01
8.260000000000000000e+02 1.177403144087341286e-01
8.266000000000000227e+02 1.168574793941074691e-01
8.272000000000000455e+02 1.160026588444776630e-01
8.277999999999999545e+02 1.151717436232406466e-01
8.283999999999999773e+02 1.143685957081146953e-01
8.290000000000000000e+02 1.135796374298249367e-01
8.296000000000000227e+02 1.128149097006453661e-01
8.302000000000000455e+02 1.120601666581628741e-01
8.307999999999999545e+02 1.113208516461893782e-01
8.313999999999999773e+02 1.105931285577488876e-01
8.320000000000000000e+02 1.098741402418143692e-01
8.326000000000000227e+02 1.091668345903089588e-01
8.332000000000000455e+02 1.084615038918090857e-01
8.337000000000000455e+02 1.077643212914464188e-01
8.342999999999999545e+02 1.070761357995281687e-01
8.348999999999999773e+02 1.063929369134641728e-01
8.355000000000000000e+02 1.057185943000624739e-01
8.361000000000000227e+02 1.050487590535822552e-01
8.367000000000000455e+02 1.043871641416206780e-01
8.372999999999999545e+02 1.037310189081351169e-01
8.378999999999999773e+02 1.030817680922971602e-01
8.385000000000000000e+02 1.024380001764588349e-01
8.391000000000000227e+02 1.018013222536793966e-01
8.397000000000000455e+02 1.011702501931974474e-01
8.402999999999999545e+02 1.005442744749575484e-01
8.408999999999999773e+02 9.992765213274705516e-02
8.413999999999999773e+02 9.931739829145658227e-02
8.420000000000000000e+02 9.872346809951708380e-02
8.426000000000000227e+02 9.814181234765877171e-02
8.432000000000000455e+02 9.758498468506458801e-02
8.437999999999999545e+02 9.705569792938466278e-02
8.443999999999999773e+02 9.656103485303660361e-02
8.450000000000000000e+02 9.611098355281752492e-02
8.456000000000000227e+02 9.571312097896242377e-02
8.462000000000000455e+02 9.537593472265909478e-02
8.467999999999999545e+02 9.510731896335228308e-02
8.473999999999999773e+02 9.490878819748659045e-02
8.480000000000000000e+02 9.478624328246212927e-02
8.486000000000000227e+02 9.474374611371025323e-02
8.491000000000000227e+02 9.477480217861172784e-02
8.497000000000000455e+02 9.488234613414944785e-02
